     0/299    0.885G    0.1084    0.0564   0.03261    0.1974         5       640         0         0         0         0         0   0.01017         0
     1/299        1G   0.07989   0.06001   0.02209     0.162        12       640         0         0         0         0         0  0.007954         0
     2/299        1G   0.07146   0.04905   0.01964    0.1401        20       640         0         0         0         0         0  0.006775         0
     3/299        1G   0.06824   0.04731   0.01927    0.1348        37       640         0         0         0         0         0  0.005952         0
     4/299        1G   0.06452   0.04322   0.01829     0.126        14       640         0         0         0         0         0  0.006156         0
     5/299        1G   0.07169   0.04644   0.01949    0.1376        12       640         0         0         0         0         0   0.01086         0
     6/299        1G   0.06031   0.04117   0.01744    0.1189        22       640         0         0         0         0         0  0.009817         0
     7/299        1G   0.05118   0.04005   0.01541    0.1066        18       640         0         0         0         0         0   0.01411         0
     8/299        1G   0.04838   0.03744   0.01361   0.09943        22       640         0         0         0         0         0   0.01422         0
     9/299        1G   0.04514   0.03677   0.01194   0.09385        16       640         0         0         0         0         0   0.01124         0
    10/299        1G   0.04211   0.03842   0.01032   0.09085        22       640         0         0         0         0         0   0.01055         0
    11/299        1G   0.04123   0.03459  0.009472    0.0853        21       640         0         0         0         0         0   0.01224         0
    12/299        1G   0.03867    0.0345  0.008709   0.08189       120       640         0         0         0         0         0   0.01243         0
    13/299        1G   0.03971   0.03525  0.008315   0.08328        12       640         0         0         0         0         0   0.01592         0
    14/299        1G   0.03693   0.03429   0.00835   0.07957        12       640         0         0         0         0         0   0.01458         0
    15/299        1G   0.03448   0.03408  0.007258   0.07582        11       640         0         0         0         0         0   0.01571         0
    16/299        1G   0.03669   0.03387  0.007641    0.0782        12       640         0         0         0         0         0   0.01511         0
    17/299        1G   0.03494    0.0341  0.007498   0.07654        30       640         0         0         0         0         0   0.01779         0
    18/299        1G    0.0337   0.03182  0.007201   0.07272        30       640         0         0         0         0         0   0.01344         0
    19/299        1G   0.03331   0.03205  0.006549   0.07191        14       640         0         0         0         0         0   0.01684         0
    20/299        1G   0.03506   0.03114  0.007324   0.07353        35       640         0         0         0         0         0   0.01464         0
    21/299        1G   0.03348   0.03261  0.006523   0.07262        14       640         0         0         0         0         0   0.01591         0
    22/299        1G    0.0326   0.03081  0.006568   0.06998        11       640         0         0         0         0         0   0.01558         0
    23/299        1G   0.03267   0.03225  0.006409   0.07133        16       640         0         0         0         0         0   0.01502         0
    24/299        1G   0.03352   0.03105  0.005932   0.07051         9       640         0         0         0         0         0   0.01541         0
    25/299        1G   0.03232      0.03  0.005984   0.06831        35       640         0         0         0         0         0   0.01529         0
    26/299        1G   0.03215   0.03127  0.005887    0.0693        10       640         0         0         0         0         0   0.01589         0
    27/299        1G   0.03158   0.03015   0.00621   0.06795        18       640         0         0         0         0         0   0.01561         0
    28/299        1G   0.02984   0.03098   0.00479    0.0656         9       640         0         0         0         0         0   0.01515         0
    29/299        1G    0.0303   0.03069   0.00501   0.06599        73       640         0         0         0         0         0   0.01569         0
    30/299        1G   0.03147    0.0304  0.004837   0.06671         8       640         0         0         0         0         0   0.01657         0
    31/299        1G   0.03116   0.02891  0.004839   0.06491        79       640         0         0         0         0         0   0.01812         0
    32/299        1G   0.03132    0.0303  0.004778   0.06641         8       640         0         0         0         0         0   0.01773         0
    33/299        1G   0.03054   0.03018  0.004672   0.06539         6       640         0         0         0         0         0   0.01824         0
    34/299        1G   0.03083    0.0306  0.004136   0.06556        16       640         0         0         0         0         0   0.01723         0
    35/299        1G   0.02895   0.02779  0.003917   0.06065         7       640         0         0         0         0         0   0.01616         0
    36/299        1G   0.02871   0.02923  0.004237   0.06217        22       640         0         0         0         0         0   0.01495         0
    37/299        1G   0.02841   0.02714  0.003788   0.05934         4       640         0         0         0         0         0   0.01799         0
    38/299        1G   0.02994   0.02924  0.004304   0.06348        12       640         0         0         0         0         0   0.01758         0
    39/299        1G   0.02967   0.02876  0.003697   0.06213        53       640         0         0         0         0         0   0.01839         0
    40/299        1G   0.02862   0.02938  0.004124   0.06213        10       640         0         0         0         0         0   0.02042         0
    41/299        1G    0.0304    0.0297  0.003938   0.06405        24       640         0         0         0         0         0   0.01831         0
    42/299        1G    0.0286   0.02805  0.003653    0.0603        22       640         0         0         0         0         0   0.01742         0
    43/299        1G   0.02934   0.02886  0.003175   0.06138        34       640         0         0         0         0         0   0.01871         0
    44/299        1G   0.02807   0.02989  0.003397   0.06136         9       640         0         0         0         0         0   0.01703         0
    45/299        1G   0.02862    0.0279  0.003507   0.06002         6       640         0         0         0         0         0   0.01863         0
    46/299        1G   0.02693   0.02682  0.003407   0.05715         6       640         0         0         0         0         0   0.02082         0
    47/299        1G   0.02935   0.02825  0.003317   0.06092        10       640         0         0         0         0         0   0.01727         0
    48/299        1G   0.02779   0.02954  0.002903   0.06023        15       640         0         0         0         0         0   0.01892         0
    49/299        1G   0.02626   0.02739  0.003122   0.05677        25       640         0         0         0         0         0   0.02192         0
    50/299        1G    0.0268   0.02728  0.003074   0.05715        11       640         0         0         0         0         0   0.02098         0
    51/299        1G   0.02885   0.02812  0.002562   0.05953        14       640         0         0         0         0         0   0.01796         0
    52/299        1G   0.02809   0.02835  0.002761    0.0592        45       640         0         0         0         0         0   0.01825         0
    53/299        1G   0.02665   0.02672  0.002503   0.05587        22       640         0         0         0         0         0   0.01773         0
    54/299        1G   0.02651   0.02753  0.003105   0.05715        10       640         0         0         0         0         0   0.01855         0
    55/299        1G   0.02758   0.02799  0.002742   0.05831        14       640         0         0         0         0         0   0.01745         0
    56/299        1G    0.0268   0.02711  0.002546   0.05645        18       640         0         0         0         0         0   0.01802         0
    57/299        1G   0.02789   0.02842  0.002564   0.05887        16       640         0         0         0         0         0   0.01786         0
    58/299        1G   0.02741   0.02623  0.002658    0.0563        21       640         0         0         0         0         0   0.02043         0
    59/299        1G   0.02765   0.02884  0.002448   0.05894        14       640         0         0         0         0         0   0.01884         0
    60/299        1G   0.02619   0.02666  0.002574   0.05543        50       640         0         0         0         0         0    0.0205         0
    61/299        1G   0.02575   0.02591  0.002465   0.05412        21       640         0         0         0         0         0   0.01872         0
    62/299        1G   0.02602   0.02764  0.002572   0.05624        10       640         0         0         0         0         0   0.01763         0
    63/299        1G    0.0266   0.02591  0.002715   0.05523        20       640         0         0         0         0         0   0.01983         0
    64/299        1G   0.02711    0.0271  0.002711   0.05692         6       640         0         0         0         0         0   0.02011         0
    65/299        1G   0.02636   0.02751   0.00229   0.05615        17       640         0         0         0         0         0   0.02233         0
    66/299        1G   0.02648   0.02608  0.002553   0.05511        47       640         0         0         0         0         0   0.01864         0
    67/299        1G   0.02622   0.02798  0.002413   0.05661        18       640         0         0         0         0         0   0.01987         0
    68/299        1G   0.02629   0.02603  0.002267   0.05459        21       640         0         0         0         0         0    0.0188         0
    69/299        1G   0.02635    0.0269  0.002108   0.05536        20       640         0         0         0         0         0   0.01818         0
    70/299        1G   0.02657   0.02617  0.002311   0.05506        16       640         0         0         0         0         0   0.01926         0
    71/299        1G   0.02575   0.02624  0.002346   0.05433        19       640         0         0         0         0         0   0.02097         0
    72/299        1G   0.02526   0.02591  0.002121   0.05329        31       640         0         0         0         0         0   0.02021         0
    73/299        1G   0.02516   0.02553    0.0019   0.05259        33       640         0         0         0         0         0   0.02033         0
    74/299        1G   0.02553   0.02674  0.001881   0.05415        14       640         0         0         0         0         0   0.02047         0
    75/299        1G   0.02495    0.0266  0.002035   0.05358        18       640         0         0         0         0         0   0.02101         0
    76/299        1G   0.02545   0.02577  0.001922   0.05315        29       640         0         0         0         0         0   0.02089         0
    77/299        1G   0.02563   0.02651  0.001941   0.05408        34       640         0         0         0         0         0   0.01851         0
    78/299        1G   0.02497   0.02553  0.001999    0.0525         6       640         0         0         0         0         0   0.01949         0
    79/299        1G   0.02412   0.02467  0.001899   0.05069        16       640         0         0         0         0         0   0.01837         0
    80/299        1G   0.02456    0.0265  0.002015   0.05307        36       640         0         0         0         0         0    0.0185         0
    81/299        1G   0.02399   0.02591  0.001903    0.0518        22       640         0         0         0         0         0   0.02012         0
    82/299        1G   0.02422   0.02749  0.001929   0.05364        19       640         0         0         0         0         0   0.02128         0
    83/299        1G   0.02519   0.02537  0.001966   0.05253        11       640         0         0         0         0         0   0.01993         0
    84/299        1G   0.02495   0.02485  0.001981   0.05179        23       640         0         0         0         0         0   0.02149         0
    85/299        1G   0.02518   0.02637  0.002091   0.05363        15       640         0         0         0         0         0   0.01884         0
    86/299        1G   0.02429   0.02413   0.00204   0.05046        20       640         0         0         0         0         0   0.01953         0
    87/299        1G   0.02468   0.02522  0.001932   0.05183        29       640         0         0         0         0         0   0.01888         0
    88/299        1G   0.02389   0.02443  0.002036   0.05035        15       640         0         0         0         0         0   0.02041         0
    89/299        1G   0.02483   0.02554  0.002115   0.05248        11       640         0         0         0         0         0   0.01773         0
    90/299        1G   0.02388   0.02554  0.001884   0.05131        20       640         0         0         0         0         0    0.0193         0
    91/299        1G   0.02401   0.02551  0.001892   0.05141        15       640         0         0         0         0         0   0.02121         0
    92/299        1G   0.02485   0.02614  0.002145   0.05313        15       640         0         0         0         0         0   0.02061         0
    93/299        1G   0.02454    0.0244  0.001832   0.05077        22       640         0         0         0         0         0   0.01891         0
    94/299        1G   0.02364   0.02483  0.001596   0.05007        26       640         0         0         0         0         0   0.01981         0
    95/299        1G   0.02403   0.02604  0.001647   0.05172        22       640         0         0         0         0         0   0.02023         0
    96/299        1G   0.02324   0.02461  0.001793   0.04965        17       640         0         0         0         0         0    0.0204         0
    97/299        1G   0.02433   0.02583  0.001607   0.05177        19       640         0         0         0         0         0    0.0229         0
    98/299        1G   0.02344    0.0254  0.001875   0.05071         8       640         0         0         0         0         0    0.0236         0
    99/299        1G   0.02387   0.02575  0.001489   0.05111        45       640         0         0         0         0         0   0.02166         0
   100/299        1G   0.02275   0.02417  0.001552   0.04847         9       640         0         0         0         0         0    0.0216         0
   101/299        1G   0.02328   0.02511  0.001506   0.04989        19       640         0         0         0         0         0   0.02113         0
   102/299        1G    0.0242   0.02502  0.001477    0.0507        24       640         0         0         0         0         0    0.0235         0
   103/299        1G   0.02393   0.02389  0.001652   0.04947        19       640         0         0         0         0         0   0.02046         0
   104/299        1G   0.02372   0.02436  0.001749   0.04983        17       640         0         0         0         0         0   0.02088         0
   105/299        1G   0.02364   0.02449  0.001566    0.0497        17       640         0         0         0         0         0   0.02011         0
   106/299        1G   0.02265   0.02422  0.001433    0.0483        15       640         0         0         0         0         0   0.02062         0
   107/299        1G   0.02221   0.02334  0.001683   0.04723         9       640         0         0         0         0         0   0.02194         0
   108/299        1G   0.02294   0.02432  0.001645   0.04891        40       640         0         0         0         0         0    0.0224         0
   109/299        1G    0.0235   0.02514  0.001679   0.05032         4       640         0         0         0         0         0   0.02086         0
   110/299        1G   0.02286   0.02374  0.001528   0.04813        17       640         0         0         0         0         0   0.02244         0
   111/299        1G    0.0221   0.02289  0.001597   0.04658        11       640         0         0         0         0         0   0.02044         0
   112/299        1G   0.02291   0.02328  0.001382   0.04757         5       640         0         0         0         0         0   0.01996         0
   113/299        1G   0.02292   0.02479  0.001264   0.04898        13       640         0         0         0         0         0   0.02181         0
   114/299        1G   0.02268   0.02495  0.001505   0.04913        20       640         0         0         0         0         0   0.01993         0
   115/299        1G   0.02217   0.02341  0.001495   0.04708         7       640         0         0         0         0         0   0.02172         0
   116/299        1G   0.02191   0.02347   0.00156   0.04694        15       640         0         0         0         0         0   0.02239         0
   117/299        1G   0.02341   0.02435  0.001536   0.04929        10       640         0         0         0         0         0   0.02109         0
   118/299        1G   0.02242   0.02414  0.001433   0.04799        24       640         0         0         0         0         0   0.02184         0
   119/299        1G   0.02293   0.02443  0.001565   0.04892         6       640         0         0         0         0         0   0.01979         0
   120/299        1G   0.02209   0.02424   0.00148    0.0478        24       640         0         0         0         0         0   0.01951         0
   121/299        1G   0.02271   0.02341  0.001506   0.04763        11       640         0         0         0         0         0   0.01994         0
   122/299        1G    0.0222   0.02453  0.001565   0.04829         9       640         0         0         0         0         0   0.02161         0
   123/299        1G   0.02211    0.0235  0.001277   0.04688        50       640         0         0         0         0         0   0.02205         0
   124/299        1G   0.02227   0.02317  0.001395   0.04683        20       640         0         0         0         0         0   0.02056         0
   125/299        1G   0.02157   0.02278  0.001627   0.04598        15       640         0         0         0         0         0   0.02288         0
   126/299        1G   0.02196   0.02336  0.001246   0.04656        34       640         0         0         0         0         0   0.02028         0
   127/299        1G   0.02187   0.02323  0.001255   0.04636         6       640         0         0         0         0         0   0.02059         0
   128/299        1G   0.02133   0.02294     0.001   0.04528        15       640         0         0         0         0         0   0.02115         0
   129/299        1G   0.02218   0.02369  0.001267   0.04714        23       640         0         0         0         0         0   0.02222         0
   130/299        1G   0.02143     0.023  0.001267    0.0457        13       640         0         0         0         0         0   0.02215         0
   131/299        1G   0.02153   0.02366  0.001325   0.04652         5       640         0         0         0         0         0   0.02234         0
   132/299        1G   0.02113   0.02333  0.001271   0.04574        13       640         0         0         0         0         0    0.0223         0
   133/299        1G   0.02128   0.02215  0.001436   0.04486        17       640         0         0         0         0         0   0.02275         0
   134/299        1G   0.02155   0.02388  0.001436   0.04687        22       640         0         0         0         0         0   0.02257         0
   135/299        1G   0.02157   0.02312   0.00136   0.04605        12       640         0         0         0         0         0   0.02198         0
   136/299        1G   0.02092   0.02283  0.001338   0.04508        30       640         0         0         0         0         0   0.02296         0
   137/299        1G    0.0208   0.02295  0.001261   0.04501         4       640         0         0         0         0         0   0.02325         0
   138/299        1G   0.02127    0.0235  0.001405   0.04617        21       640         0         0         0         0         0   0.02064         0
   139/299        1G   0.02063   0.02343  0.001191   0.04525        45       640         0         0         0         0         0   0.02204         0
   140/299        1G   0.02187   0.02337  0.001085   0.04632        23       640         0         0         0         0         0   0.02009         0
   141/299        1G    0.0209   0.02434  0.001154   0.04639        17       640         0         0         0         0         0   0.02296         0
   142/299        1G   0.02129   0.02206  0.001193   0.04455        69       640         0         0         0         0         0   0.02242         0
   143/299        1G    0.0209   0.02336  0.001274   0.04554        28       640         0         0         0         0         0    0.0221         0
   144/299        1G   0.02089   0.02234  0.001119   0.04435        34       640         0         0         0         0         0   0.02141         0
   145/299        1G   0.02121   0.02382  0.001498   0.04652        16       640         0         0         0         0         0   0.02298         0
   146/299        1G   0.02053    0.0221  0.001287   0.04391        10       640         0         0         0         0         0   0.02242         0
   147/299        1G    0.0215   0.02405  0.001355    0.0469         9       640         0         0         0         0         0   0.02204         0
   148/299        1G   0.02081    0.0227  0.001198   0.04471        32       640         0         0         0         0         0   0.02382         0
   149/299        1G   0.02059   0.02271  0.001226   0.04453        23       640         0         0         0         0         0   0.02366         0
   150/299        1G   0.02071   0.02275 0.0009898   0.04446        14       640         0         0         0         0         0   0.02309         0
   151/299        1G   0.02065   0.02234  0.001186   0.04417        22       640         0         0         0         0         0   0.02134         0
   152/299        1G   0.01976   0.02165  0.001042   0.04246         5       640         0         0         0         0         0   0.02118         0
   153/299        1G   0.02028   0.02168  0.001188   0.04315        21       640         0         0         0         0         0   0.02402         0
   154/299        1G   0.02077   0.02301  0.001094   0.04487        34       640         0         0         0         0         0   0.02363         0
   155/299        1G   0.02039   0.02304  0.001091   0.04453         3       640         0         0         0         0         0   0.02318         0
   156/299        1G   0.02051   0.02345  0.001049   0.04501        16       640         0         0         0         0         0   0.02279         0
   157/299        1G   0.01998   0.02218  0.001259   0.04342         6       640         0         0         0         0         0   0.02322         0
   158/299        1G   0.02036     0.022  0.001142    0.0435        16       640         0         0         0         0         0   0.02228         0
   159/299        1G   0.01991    0.0219  0.001548   0.04336        24       640         0         0         0         0         0   0.02331         0
   160/299        1G    0.0198   0.02305  0.001123   0.04398        18       640         0         0         0         0         0    0.0227         0
   161/299        1G   0.02026   0.02185  0.001098   0.04321        16       640         0         0         0         0         0   0.02188         0
